0.11236906051635742
0.09802746772766113
0.0872499942779541
0.08408117294311523
0.09876704216003418
0.08647584915161133
0.07832527160644531
0.0848093032836914
0.07766461372375488
0.07617878913879395
0.09626317024230957
0.07711148262023926
0.09496760368347168
0.09540200233459473
0.08029580116271973
0.07993483543395996
0.0751802921295166
0.07799649238586426
0.07552671432495117
0.08023762702941895
0.07479286193847656
0.0799870491027832
0.07622838020324707
0.07725405693054199
0.07515454292297363
0.07513570785522461
0.07738018035888672
0.08154869079589844
0.07697868347167969
0.07682180404663086
0.09651565551757812
0.0860893726348877
0.07575035095214844
0.08443188667297363
0.07503199577331543
0.07775735855102539
0.07650542259216309
0.07582807540893555
0.08562970161437988
0.07684588432312012
0.08571815490722656
0.07740664482116699
0.07357335090637207
0.09901022911071777
0.09699177742004395
0.08635640144348145
0.07526922225952148
0.09325838088989258
0.09520983695983887
0.08179116249084473
0.08391141891479492
0.09539794921875
0.08855628967285156
0.07479166984558105
0.08805608749389648
0.07518410682678223
0.07466292381286621
0.09131932258605957
0.10415816307067871
0.08163690567016602
0.09740209579467773
0.09772706031799316
0.09727907180786133
0.09687662124633789
0.08934688568115234
0.09709501266479492
0.09962630271911621
0.07570695877075195
0.08023500442504883
0.07637596130371094
0.09095382690429688
0.07466697692871094
0.07855606079101562
0.07467222213745117
0.07669925689697266
0.07531094551086426
0.09744119644165039
0.08313417434692383
0.08017134666442871
0.07478523254394531
0.08833193778991699
0.07718253135681152
0.07442879676818848
0.07487750053405762
0.09805536270141602
0.08535981178283691
0.07448172569274902
0.07425856590270996
0.07468724250793457
0.07529735565185547
0.07454133033752441
0.0751791000366211
0.07587981224060059
0.07756447792053223
0.07431554794311523
0.07619428634643555
0.07897734642028809
0.08093142509460449
0.08427882194519043
0.07450532913208008
0.08320927619934082
0.0751945972442627
0.08615756034851074
0.0744471549987793
0.08090662956237793
0.07468509674072266
0.0745384693145752
0.09686779975891113
0.08640766143798828
0.07732057571411133
0.07475781440734863
0.09802556037902832
0.07623624801635742
0.07467484474182129
0.07483720779418945
0.07613301277160645
0.07486438751220703
0.0756673812866211
0.07467269897460938
0.07723045349121094
0.07437658309936523
0.07475161552429199
0.07743072509765625
0.07417535781860352
0.0750112533569336
0.07677841186523438
0.07449483871459961
0.07463359832763672
0.07480812072753906
0.07447695732116699
0.07589554786682129
0.09584569931030273
0.08183979988098145
0.07686138153076172
0.07471036911010742
0.08702850341796875
0.07450485229492188
0.07633471488952637
0.09544014930725098
0.08836030960083008
0.07544493675231934
0.07508730888366699
0.07427358627319336
0.07920360565185547
0.07470035552978516
0.07461237907409668
0.0937659740447998
0.09627485275268555
0.07454347610473633
0.0848844051361084
0.07598376274108887
0.07817292213439941
0.07476091384887695
0.0872507095336914
0.08714079856872559
0.09695816040039062
0.08139896392822266
0.0768427848815918
0.07549405097961426
0.10472512245178223
0.08216309547424316
0.08562850952148438
0.08072853088378906
0.08240747451782227
0.07994771003723145
0.07927727699279785
0.0799717903137207
0.09011650085449219
0.0803983211517334
0.09366488456726074
0.08185911178588867
0.08821296691894531
0.09516072273254395
0.08168578147888184
0.08111262321472168
0.07880163192749023
0.0838618278503418
0.08837771415710449
0.08665132522583008
0.08809113502502441
0.0821533203125
0.08334589004516602
0.08918094635009766
0.08048391342163086
0.08094215393066406
0.07746362686157227
0.07874631881713867
0.07773089408874512
0.07872176170349121
0.08095884323120117
0.08716821670532227
0.08071780204772949
0.08723640441894531
0.07863140106201172
0.09487533569335938
0.07815170288085938
0.07722043991088867
0.0835564136505127
0.07890605926513672
0.07878541946411133
0.0785684585571289
0.07789492607116699
0.07943129539489746
0.07824182510375977
0.08025646209716797
0.08461856842041016
0.08502578735351562
0.08792424201965332
0.08102941513061523
0.07884693145751953
0.08345937728881836
0.078521728515625
0.07828259468078613
0.07869124412536621
0.07896804809570312
0.07822966575622559
0.07829689979553223
0.07978057861328125
0.07793712615966797
0.07771944999694824
0.07871460914611816
0.0865333080291748
0.0958406925201416
0.09625124931335449
0.08844447135925293
0.08891916275024414
0.07916021347045898
0.08009028434753418
0.08086180686950684
0.09613370895385742
0.0795750617980957
0.07879924774169922
0.0796511173248291
0.08888006210327148
0.09780430793762207
0.0996401309967041
0.10294198989868164
0.09981846809387207
0.09520554542541504
0.10253357887268066
0.0977029800415039
0.09532499313354492
0.10307812690734863
0.10103511810302734
0.09479260444641113
0.09615659713745117
0.09918546676635742
0.09038686752319336
0.08032655715942383
0.0842294692993164
0.07840085029602051
0.0819692611694336
0.08666658401489258
0.07900524139404297
0.07839179039001465
0.07827496528625488
0.07892084121704102
0.09898781776428223
0.08800911903381348
0.08133316040039062
0.08988451957702637
0.08031463623046875
0.08894896507263184
0.08511686325073242
0.11071181297302246
0.08054590225219727
0.07834482192993164
0.07789754867553711
0.09489202499389648
0.07793974876403809
0.07923769950866699
0.08650636672973633
0.0797724723815918
0.07814764976501465
0.0786142349243164
0.09680342674255371
0.08683419227600098
0.07765746116638184
0.07784771919250488
0.07897353172302246
0.07891440391540527
0.07894325256347656
0.07881045341491699
0.07864046096801758
0.07894301414489746
0.08918380737304688
0.09991574287414551
0.09755182266235352
0.09324407577514648
0.08692383766174316
0.08097195625305176
0.10207533836364746
0.09733366966247559
0.10076379776000977
0.09409213066101074
0.10112810134887695
0.09827613830566406
0.08627128601074219
0.08136916160583496
0.08346390724182129
0.09231948852539062
0.09120512008666992
0.08725953102111816
0.08909392356872559
0.10856413841247559
0.10122442245483398
0.10012006759643555
0.0830378532409668
0.08609414100646973
0.09461617469787598
0.1070859432220459
0.10108327865600586
0.09902167320251465
0.08889961242675781
0.07897114753723145
0.08196377754211426
0.07810521125793457
0.07819581031799316
